Los picos son:

b247: [ 67.62192118 134.75246305 202.73275862]
b248: [ 68.26244344 134.50678733 202.40723982]
b261: [ 62.41992188 122.60742188 185.30273438]
b262: [ 62.28301887 123.41509434 184.54716981]
b263: [ 85.2943662  171.16760563 255.71971831]
b264: [ 85.33695652 156.70652174 254.29347826]
b277: [ 56.58256881 112.20642202 166.53669725 223.45412844]
b278: [ 57.06164384 113.56849315 170.07534247 226.58219178]
b360: [ 68.84422111 133.08542714 199.2160804 272.90452261]

Las proporciones son:

[1.0, 1.9927334316827228, 2.998033109416605]
[1.0, 1.9704361659457177, 2.965133236080364]
[1.0, 1.9642354265631454, 2.968647329233088]
[1.0, 1.9815207512275166, 2.9630415024550336]
[1.0, 2.0067867698159882, 2.99808451252669]
[1.0, 1.8363265826485557, 2.979875175187464]
[1.0, 1.9830563436732735, 2.943250911941055, 3.9491690310198204]
[1.0, 1.990277277472839, 2.980554555120927, 3.970831832593766]
[1.0, 1.933138686068577, 2.8937226275200425, 3.964087590938829]